timestamps:
  login: 1399304007433
  logout: 1399307479861
ipAddress: 178.63.44.134
logoutlocation:
  world: world
  x: 64.97902477617794
  y: 64.03759099551446
  z: -582.1771138200611
  yaw: -30.573242
  pitch: 23.172945
afk: false
lastlocation:
  world: world
  x: 42.347033347504585
  y: 64.0
  z: -544.2996286825032
  yaw: 1.9770508
  pitch: 4.7697425
