spawns: 
  default: 
    world: world
    x: 40.046878101392984
    y: 64.0
    z: -544.3087536825033
    yaw: 1.9770508
    pitch: 4.7697425
